W

[[-3.19376327e-03 -6.32840657e-03 -1.29241988e-02 -8.54261846e-03
  -5.47778989e-03 -6.43017658e-03 -1.08220500e-02 -1.41517145e-02
  -7.20887253e-03 -7.16761452e-03 -4.09735201e-03  4.25377156e-03
   1.60239269e-03 -2.19718048e-03  2.48373908e-03 -4.01993128e-05
   1.76152995e-02  1.23745496e-02  7.86048513e-03  1.27278586e-02
   7.06172502e-03  1.06240531e-02  7.24136463e-03  2.08391367e-03
  -5.04751198e-03 -3.65814137e-02 -6.00407123e-02 -2.04748171e-02
  -4.56610007e-03 -9.87392580e-03 -5.06738160e-03 -7.73566725e-04
  -3.22925629e-03 -9.44732438e-03 -4.23824113e-03  1.09584879e-02
   1.40997812e-02  2.44510810e-03 -5.53812033e-03 -1.05074636e-02
  -1.30695135e-03  1.07634503e-02  6.59476870e-04 -8.82301726e-03
  -2.93800970e-03  6.23399518e-03  7.00099133e-03  1.23407622e-02
   2.24698767e-02  4.97428803e-03 -1.78575900e-02 -8.62252848e-03
   1.09171551e-02 -9.92568010e-03 -2.94208426e-03 -2.36555620e-03
  -7.64346048e-03 -1.53535714e-03  5.47789047e-03  7.23269885e-03
  -1.74785229e-03  6.28212382e-03  1.34767016e-02  1.55252570e-02
   7.55690417e-03 -1.37701764e-02 -2.46097690e-02 -3.50887446e-03
  -1.79969428e-03  8.91321752e-04  5.09816007e-03 -1.41883608e-03
  -1.35981971e-02 -1.23221043e-02 -3.01956287e-03  6.64327859e-03
   1.10870242e-02  1.15031266e-02  1.14504659e-02 -3.25218568e-03
   7.79803234e-03 -8.20562636e-03  9.28803906e-03  8.55279497e-03
   1.69665467e-03  7.93215371e-03  3.37431691e-03 -2.95099506e-03
  -9.64022389e-03 -4.09046408e-03 -2.94600244e-03 -1.08102504e-02
  -1.76268556e-02 -1.66504748e-03  6.09963386e-05 -1.14780882e-03
  -2.44296183e-03 -7.26659011e-03 -1.62299731e-02 -4.97469167e-03
   2.55181868e-03  5.28293199e-03  7.53364424e-03  1.48602759e-02
   8.77259438e-03 -4.32334819e-03 -1.01111778e-02  2.82877167e-03
  -3.62120647e-03 -3.21656276e-03  7.80301189e-03  2.59970591e-02
   1.05882022e-02  8.97583471e-03  4.84600909e-03  1.02524352e-03
  -1.00093776e-02  3.72688175e-03 -4.19944089e-03 -3.74587023e-03
   6.59719989e-03  7.91345750e-03  6.59239695e-03  1.16104922e-03
  -2.40144897e-03 -3.18528573e-03 -8.18239731e-03 -1.71970832e-03
   7.11259836e-03  4.53688876e-03 -2.20437937e-03 -1.32763810e-03
  -1.21076597e-03 -9.02016358e-03 -8.96566584e-03  1.14299067e-02
   4.53348102e-03  5.99043504e-03  1.27606973e-02  2.58790262e-02
   1.66264932e-02  7.90081810e-03  7.89946187e-03 -4.19074667e-04
  -5.07648305e-03  3.08277433e-03  1.21615261e-02  2.08187388e-02
   3.18861461e-03  1.16328978e-02  1.86301201e-02  9.08063713e-03
   4.43220797e-03 -1.76814645e-03 -3.12952856e-03  1.20618685e-02
   9.67215511e-03 -2.48518940e-03 -2.17974802e-02 -9.14358824e-03
  -4.49128703e-03 -2.04512441e-02 -1.50030293e-02  7.99707791e-03
  -4.89526949e-03  1.07290334e-02  1.27044673e-02  3.37999248e-03
   1.35978043e-02  2.45126887e-03 -1.41619053e-02 -1.59113070e-02
  -1.14635111e-02  8.31149094e-03  6.53324548e-03 -2.94269402e-03
   2.82204061e-03  1.52762632e-03 -7.24307936e-03  1.63938426e-02
   1.59974935e-03 -2.22366287e-03  2.83386942e-03  1.94071389e-02
  -4.34498184e-04 -1.43628579e-02 -2.31529383e-03 -4.80453868e-03
  -1.21993810e-02 -7.22104248e-03  1.03791273e-02  1.13112505e-02
  -5.80734623e-04 -2.99716242e-03  9.43017539e-03 -5.97556393e-03
   8.67524145e-03 -8.16244366e-03 -1.11107702e-02 -2.13665768e-02
  -3.01078621e-03  5.12594959e-03  3.53727910e-03 -4.20937166e-04
   6.37503820e-03  1.36668672e-02  1.33685891e-02  1.16768490e-02
   2.93896558e-03  8.52110490e-03  1.61595441e-02  8.34564009e-03
  -1.17899064e-02 -9.14711129e-03  5.68141097e-03 -1.26154872e-02
  -5.17591410e-03  9.93782004e-03  2.70347242e-02  1.16486318e-02
   4.26817802e-03 -8.96997024e-03 -6.35364835e-03 -3.21038477e-03
   1.58794051e-02 -3.26149359e-03 -7.90955046e-03 -7.28889110e-03
   1.11859924e-02 -4.75346368e-04  4.61627726e-03 -1.10810790e-02
  -2.81424328e-03  1.58413874e-02  1.10367893e-02  9.37687207e-03
   1.63859476e-02  1.69392759e-02 -4.08338914e-03 -1.25987564e-02
  -2.61895190e-03  9.05757900e-03  7.17207726e-04 -5.89010849e-03
   1.00761574e-02  9.63625577e-03  1.89598172e-02  4.27645006e-03
  -5.95773083e-03 -9.74761920e-03 -1.37517688e-02 -1.69437912e-02
   2.62276891e-02  1.87381365e-02  5.85000068e-04  8.52469566e-03
   1.99051547e-02  1.61462074e-02  1.57471752e-03 -1.99936811e-03
   1.17204288e-02  1.02198217e-02  5.55358293e-03  1.79266221e-02
   1.26128569e-02  1.18112584e-02 -1.04679023e-03 -4.70058272e-03
   6.48165998e-03  2.33441419e-02  7.91137070e-03  5.32613377e-03
  -5.57265161e-03  7.75256464e-03  7.81956922e-03  4.41388825e-03
  -1.96304479e-03 -8.01101438e-03  1.63599459e-03 -1.87233775e-02
   2.57745202e-02  3.01062355e-02  2.05928834e-02  1.69067904e-02
   1.46360286e-02  1.85356627e-03  5.01390945e-03  5.40759723e-03
   1.95868661e-02  9.17506777e-03  1.17454902e-02  2.21630143e-02
   1.49299180e-02 -2.12261593e-03 -4.18916214e-03 -8.16811083e-04
   3.80773491e-03  5.00521432e-04  2.65815722e-03  1.88505715e-02
   1.57525319e-03  4.28054484e-03 -9.60953234e-03  4.71892813e-03
   9.86365816e-03  6.18421928e-03  1.66884289e-02 -5.34655025e-03
   2.29727696e-02  3.68102344e-02  1.12742638e-02  1.76738911e-02
   8.87362031e-03  7.63183388e-03  2.24733584e-03  1.32350641e-02
   1.31988895e-02  7.63068811e-04  8.32130717e-03  1.38721549e-02
   7.77163656e-03  6.83541720e-03 -5.71896460e-05  7.76057035e-04
  -6.90651572e-03 -1.10441174e-03  1.52846299e-02  4.83631644e-03
  -1.24921248e-02 -1.32440520e-02 -4.87406708e-03 -1.94017671e-03
   1.16738861e-02  1.11238426e-02  1.60517767e-02  3.48343834e-03
   1.59375210e-02  2.95266110e-02  2.42661467e-02  2.59937198e-02
   1.98019606e-02  8.77435361e-03  9.40475022e-04  2.22495194e-02
   1.56406543e-02 -2.23296246e-03 -4.52055332e-03 -2.12890337e-04
   2.10998531e-03  1.42947531e-02  1.54848385e-02  1.63054935e-02
   2.09708884e-04 -2.13909262e-03  2.70045273e-03 -1.32210555e-02
  -1.70497693e-02 -2.90858307e-03  2.18607912e-03 -3.72154587e-03
   3.40654836e-03 -6.79945233e-04 -6.87227070e-05 -3.02560024e-03
   2.11565997e-02  3.88565968e-02  3.33836769e-02  4.17704434e-02
   2.21789823e-02 -1.31396027e-02 -6.65284846e-03 -2.11884692e-03
  -3.95960436e-03 -1.71919741e-02 -1.05134034e-02 -1.52770311e-02
  -4.91662655e-03  2.31492739e-02  1.79003249e-02  8.96780554e-03
  -2.03854640e-03 -2.37231010e-02 -1.25510609e-02 -5.05659519e-03
  -1.94736625e-03  7.86210357e-03 -3.88452565e-03 -9.14189915e-03
  -1.25610436e-02 -1.98739264e-02 -2.15102118e-02 -7.13572000e-03
   6.98338480e-03  2.30133371e-02  2.56064005e-02  2.86287423e-02
   4.51801191e-03 -9.30695040e-03 -6.87778240e-03 -8.76131646e-03
  -1.97330154e-02 -1.83071085e-02 -1.86141603e-02 -2.19636085e-02
  -8.53648506e-03  4.06145744e-03 -3.67206390e-03 -1.40991565e-02
  -1.38136978e-02 -1.58809646e-02 -1.04471476e-02 -5.25197924e-03
  -2.81476246e-03 -7.20193051e-03 -7.03305041e-03 -1.85023535e-02
  -1.81397383e-02 -2.10588242e-02 -2.18496443e-02 -1.56374771e-02
   3.40016374e-03  1.21256055e-02  2.12646268e-03  2.16349120e-02
   8.42329747e-03 -1.24322517e-02 -3.56730582e-03 -2.27196815e-03
  -1.17423852e-02 -9.32253174e-03 -2.23542514e-03 -3.47532496e-03
   1.04590118e-03 -4.52668988e-03 -1.11024304e-02 -1.27255741e-02
  -8.98956484e-03  3.11208737e-03 -1.07366425e-02  1.17648254e-03
  -5.38841971e-03 -2.12950457e-02 -1.81279844e-02 -1.35884983e-02
  -6.41580606e-03 -4.17270964e-03 -1.82031709e-02 -1.14940897e-02
   2.38413517e-03  1.33650161e-02  2.74293373e-03  3.84975876e-03
  -3.43187796e-03 -1.34409001e-02  1.12841376e-02 -1.19919914e-04
  -1.26263065e-02 -2.34502549e-04 -4.71569500e-03  2.85027235e-03
  -1.16127916e-03 -4.90089831e-03 -1.09937316e-03 -5.63251221e-03
  -5.32152559e-03 -6.96148032e-03 -1.45121158e-03 -7.57674506e-04
  -5.80853024e-03 -1.37398365e-02 -3.24790671e-03 -6.85759648e-03
   8.66898164e-03  4.24445325e-03 -1.03070710e-02 -9.08739180e-03
  -9.09030316e-03  2.47614773e-02  7.85197906e-03 -1.25909914e-02
  -1.29287536e-02  6.69348364e-03  2.40369793e-02 -1.20622976e-02
  -8.75954437e-03  1.23856670e-02  3.96638500e-03 -2.25543463e-03
  -1.38030352e-02 -1.34790608e-02 -5.14639069e-03 -1.28215561e-02
  -1.74032742e-02 -5.90592674e-03 -9.39076707e-03 -1.48280920e-03
   4.93782173e-03  1.67281635e-03 -7.77050509e-03 -8.78739832e-03
   4.67733789e-03  5.87310930e-03 -2.74277748e-04 -7.84558722e-03
  -1.46243626e-02  2.96374149e-02  1.66263297e-03 -1.09601036e-02
  -1.51940708e-02  6.46117650e-04  2.03011289e-02 -1.65102694e-02
  -1.35383262e-02  1.29354391e-02  2.66981633e-03 -8.15546947e-03
  -2.23608163e-02 -1.65857219e-02 -4.34413402e-03 -1.49505617e-03
  -8.58686433e-03 -2.43446147e-03 -5.51991037e-03 -2.17946898e-03
  -4.22860191e-03 -4.21681692e-03  8.40206984e-04  6.49194062e-04
   1.16498749e-02  1.85251820e-03  2.84851627e-03  6.10136379e-03
  -1.75541276e-02  1.10325167e-02  2.48378314e-02 -4.14491858e-03
  -1.70750368e-02 -3.11967000e-03  3.07153563e-03 -1.00348925e-02
   4.65937671e-04  2.29158873e-02  1.31821287e-02 -7.17548743e-03
  -9.25629695e-03 -2.99967118e-03  6.86345257e-03  1.62052750e-02
   1.23019943e-02 -5.50970761e-03 -4.29425496e-03 -1.51859839e-02
  -1.20448372e-02 -7.36236948e-03  2.92860387e-03 -2.01784374e-03
  -1.19936920e-03 -1.03493915e-02  8.50753227e-03  1.68347095e-03
  -1.40630421e-02 -3.82433290e-03  2.75021306e-02  3.91869013e-03
  -1.58731890e-02 -9.75060534e-03 -1.58485272e-02 -2.08935136e-02
  -3.45388712e-03 -2.81370504e-03 -1.16515219e-02 -1.20788874e-02
  -2.37457054e-02 -1.04805877e-02  8.18286503e-03  3.26905652e-03
   7.31980573e-03 -6.35711502e-03  2.57774247e-03 -7.10264977e-03
   6.84671043e-03  6.76841932e-03  3.90221758e-03 -4.32224656e-03
  -6.22904576e-03 -3.01943570e-03  1.17366994e-02 -1.65371959e-03
   6.20903881e-03 -1.21844685e-02  7.19615933e-04  7.38887328e-03
   5.14252940e-04 -7.67220484e-04 -8.07303474e-03 -1.02662393e-02
  -7.73976576e-04 -4.35895926e-03 -1.49357820e-02 -3.61721260e-03
  -3.82805780e-03 -3.23300232e-03 -3.57552183e-03 -5.76944051e-03
   6.12897208e-03  1.01231381e-02  4.48860924e-03  1.03584607e-02
   5.22406937e-03  6.05690746e-03  4.09476036e-03 -1.82555849e-02
  -9.03901056e-03 -5.35546649e-03  1.47008895e-02 -2.24043814e-03
   5.93821055e-03 -1.29264631e-02 -9.48317128e-03  7.85678796e-03
   6.14978566e-04 -1.31418295e-03  8.16577921e-03  4.38553884e-03
  -3.56424384e-03 -6.70011465e-03  9.77016447e-03  8.75379171e-03
   5.49014925e-04 -1.36053417e-03 -1.21788232e-02 -5.32755534e-03
   2.15653096e-02  1.05520470e-02  4.60243347e-03 -7.06314470e-03
   2.32624827e-03  1.07999792e-02  6.02688799e-03  3.20983292e-03
  -1.40197766e-03 -2.08629477e-03  2.19931333e-03 -1.26246916e-02
  -1.76240804e-03  6.26067189e-03 -9.75646074e-03  9.64655528e-03
   3.20746148e-03  1.62910699e-03  2.43936549e-03  2.91088266e-03
  -3.64628702e-03 -3.82299642e-03  4.52954243e-03  8.92977077e-03
  -1.92812253e-03 -7.14375812e-03 -1.11573305e-02 -6.45402144e-03
  -3.40816120e-03 -6.90612545e-03 -1.36331941e-02 -6.49278059e-03
   1.06307202e-02  7.87729948e-03  4.70523491e-03 -4.98322556e-03
  -1.02701846e-02 -1.03860535e-02 -1.21125066e-03 -1.47709266e-02
  -8.21080553e-03 -5.31646184e-03 -4.46802639e-03  1.57147931e-02
   1.81854213e-02  4.37188470e-03  8.92274071e-03 -1.01992847e-02
  -2.19907690e-03 -6.80929263e-03  5.25677983e-04  2.00812084e-03
  -2.81056444e-03  3.17692897e-03  7.24635792e-03 -4.39314390e-03
  -3.68348666e-03 -5.60041163e-05 -4.51374739e-03  1.09574217e-02
   3.87561105e-03  1.08323279e-03 -1.03371047e-02 -1.11540448e-03
  -1.41572331e-02 -1.54029932e-02  1.12643099e-05 -1.18866528e-02
  -1.53174351e-02 -1.11889952e-02 -1.65165204e-02 -3.90865044e-04
  -1.29797107e-03  6.72924059e-03  8.89226909e-03 -4.71441902e-03
   7.90766841e-04  1.26483988e-03 -2.33335495e-03  7.10115599e-03
   4.88622307e-03 -4.32108672e-04  7.42871610e-03 -1.43976424e-03
  -9.90068671e-03 -1.71638287e-02 -3.79407899e-03  5.73515995e-03
   3.40751653e-03  7.06750360e-03  5.28871208e-03  6.31268100e-03
  -1.41094319e-03 -7.62977367e-03 -1.92120691e-03 -8.41373344e-03
  -1.46223043e-03  1.07097469e-03 -3.31384751e-03 -1.16547543e-02
  -5.40255701e-03 -3.43363368e-03 -1.08985383e-02 -1.60690345e-02
  -1.66866270e-02 -1.34864855e-02  1.05370075e-02  1.04115489e-02
   1.29402558e-03 -8.65230280e-03  2.82500064e-03 -2.14700626e-04
  -1.81837186e-03 -1.10326154e-03 -5.57800595e-03  1.07456061e-02
   1.10631647e-02 -2.23568758e-03 -5.81138102e-03  1.53751437e-04
   2.61463322e-03 -3.08649042e-03  4.55249996e-03  6.29500058e-03
   7.36839851e-03  1.36341131e-04 -2.94505647e-03 -1.66766472e-03
   4.67722531e-03  1.54140212e-02  1.57846900e-02  1.44740357e-02
   7.62198555e-03 -3.75925320e-06 -3.18457535e-03 -1.82458670e-03
  -6.56306129e-03  6.35371239e-03  9.42792707e-03  7.77834348e-03
   1.65385025e-02  2.03345342e-02  1.29789837e-02  7.13568050e-03
  -4.24682384e-03 -2.23311558e-03  1.02370239e-02  1.57790936e-02
   1.25652276e-02  1.66176302e-02  1.53708043e-02  1.58513566e-02]]

b

0.27124923667037004